Header:
 - File structure type: 3.0
 - File structure version: 2.0
 - Header Size (bytes): 256
 - Record Size (bytes): 357
 - Size Format Type: ASCII
 - Block Size: 54
 - Minimum Block Capacity: 6422
 - Primary Key Index File: index.txt
 - Primary Key Index File Schema: sample
 - Record Count: 1000
 - Block Count: 10622
 - Field Count: 5
 - Primary Key: 2
 - RBN link for Avail List: 3
 - RBN link for active sequence set List: 4
 - Stale Flag: 0

Data:
0,1008
1,1022
2,1034
3,1053
4,1066
5,1077
6,1088
7,1098
8,1109
9,1139
10,1222
11,1236
12,1252
13,1262
14,1331
15,1346
16,1366
17,1380
18,1441
19,1467
20,1501
21,1515
22,1525
23,1536
24,1550
25,1571
26,1602
27,1611
28,1703
29,1740
30,1754
31,1778
32,1821
33,1834
34,1852
35,1866
36,1889
37,1908
38,1936
39,1952
40,1984
41,2030
42,2047
43,2059
44,2072
45,2114
46,2123
47,2132
48,2141
49,2152
50,2180
51,2196
52,2215
53,2293
54,2324
55,2338
56,2348
57,2360
58,2379
59,2452
60,2461
61,2472
62,2482
63,2537
64,2554
65,2568
66,2632
67,2643
68,2651
69,2662
70,2671
71,2715
72,2725
73,2745
74,2764
75,2780
76,2808
77,2822
78,2831
79,2841
80,2862
81,2875
82,2883
83,2894
84,2905
85,2914
86,3031
87,3042
88,3051
89,3062
90,3082
91,3105
92,3217
93,3227
94,3240
95,3251
96,3260
97,3273
98,3285
99,3302
100,3442
101,3451
102,3465
103,3574
104,3586
105,3601
106,3741
107,3753
108,3771
109,3785
110,3813
111,3822
112,3833
113,3843
114,3852
115,3860
116,3870
117,3884
118,3902
119,4001
120,4010
121,4021
122,4034
123,4047
124,4061
125,4072
126,4084
127,4094
128,4105
129,4122
130,4220
131,4230
132,4243
133,4258
134,4267
135,4282
136,4292
137,4343
138,4352
139,4364
140,4414
141,4424
142,4438
143,4451
144,4462
145,4475
146,4490
147,4537
148,4551
149,4565
150,4578
151,4614
152,4627
153,4640
154,4652
155,4666
156,4676
157,4691
158,4737
159,4745
160,4761
161,4773
162,4785
163,4851
164,4861
165,4912
166,4925
167,4936
168,4945
169,4956
170,4967
171,4978
172,4988
173,5034
174,5043
175,5053
176,5065
177,5075
178,5088
179,5149
180,5158
181,5254
182,5303
183,5350
184,5359
185,5404
186,5442
187,5450
188,5459
189,5468
190,5477
191,5487
192,5544
193,5640
194,5654
195,5664
196,5673
197,5682
198,5736
199,5745
200,5759
201,5768
202,5778
203,5827
204,5838
205,5848
206,5860
207,5873
208,6001
209,6020
210,6028
211,6039
212,6053
213,6064
214,6073
215,6082
216,6092
217,6104
218,6114
219,6128
220,6141
221,6152
222,6180
223,6235
224,6246
225,6256
226,6267
227,6320
228,6339
229,6359
230,6376
231,6387
232,6409
233,6418
234,6439
235,6455
236,6470
237,6479
238,6491
239,6504
240,6513
241,6524
242,6537
243,6608
244,6702
245,6720
246,6751
247,6762
248,6782
249,6793
250,6811
251,6828
252,6852
253,6875
254,6889
255,6906
256,6922
257,7007
258,7016
259,7026
260,7035
261,7046
262,7059
263,7068
264,7077
265,7088
266,7099
267,7110
268,7193
269,7207
270,7310
271,7416
272,7428
273,7444
274,7461
275,7502
276,7511
277,7544
278,7620
279,7640
280,7649
281,7663
282,7703
283,7719
284,7730
285,7740
286,7755
287,7799
288,7825
289,7834
290,7845
291,7855
292,7871
293,7882
294,7926
295,7936
296,7962
297,7981
298,8008
299,8019
300,8029
301,8038
302,8050
303,8060
304,8068
305,8077
306,8087
307,8096
308,8106
309,8205
310,8219
311,8232
312,8246
313,8310
314,8319
315,8328
316,8345
317,8361
318,8501
319,8515
320,8534
321,8551
322,8561
323,8609
324,8640
325,8690
326,8731
327,8741
328,8757
329,8808
330,8822
331,8831
332,8846
333,8858
334,8870
335,8884
336,8901
337,10002
338,10011
339,10021
340,10030
341,10039
342,10069
343,10104
344,10113
345,10122
346,10132
347,10156
348,10165
349,10174
350,10211
351,10261
352,10275
353,10286
354,10308
355,10452
356,10462
357,10472
358,10506
359,10517
360,10526
361,10537
362,10547
363,10562
364,10579
365,10594
366,10604
367,10704
368,10802
369,10914
370,10923
371,10933
372,10958
373,10970
374,10982
375,10992
376,11004
377,11027
378,11054
379,11109
380,11208
381,11217
382,11226
383,11236
384,11251
385,11358
386,11367
387,11377
388,11412
389,11420
390,11429
391,11451
392,11520
393,11551
394,11560
395,11572
396,11596
397,11697
398,11710
399,11721
400,11732
401,11743
402,11756
403,11767
404,11777
405,11788
406,11797
407,11901
408,11940
409,11951
410,11960
411,11969
412,11980
413,12019
414,12031
415,12042
416,12054
417,12062
418,12070
419,12082
420,12092
421,12116
422,12128
423,12138
424,12149
425,12158
426,12168
427,12177
428,12188
429,12198
430,12210
431,12227
432,12237
433,12247
434,12288
435,12308
436,12407
437,12418
438,12429
439,12439
440,12450
441,12459
442,12470
443,12482
444,12492
445,12504
446,12515
447,12525
448,12537
449,12547
450,12563
451,12572
452,12583
453,12601
454,12722
455,12733
456,12745
457,12754
458,12766
459,12778
460,12787
461,12808
462,12817
463,12828
464,12839
465,12848
466,12856
467,12865
468,12883
469,12912
470,12921
471,12930
472,12942
473,12955
474,12965
475,12976
476,12986
477,13020
478,13031
479,13041
480,13056
481,13068
482,13080
483,13092
484,13111
485,13120
486,13135
487,13144
488,13155
489,13165
490,13207
491,13218
492,13251
493,13308
494,13318
495,13327
496,13338
497,13350
498,13363
499,13406
500,13417
501,13433
502,13449
503,13460
504,13473
505,13484
506,13494
507,13602
508,13613
509,13621
510,13630
511,13638
512,13647
513,13656
514,13665
515,13673
516,13681
517,13692
518,13731
519,13743
520,13751
521,13761
522,13782
523,13796
524,13809
525,13826
526,13840
527,13848
528,13863
529,14004
530,14020
531,14032
532,14041
533,14056
534,14066
535,14082
536,14101
537,14112
538,14132
539,14143
540,14169
541,14204
542,14214
543,14224
544,14261
545,14280
546,14414
547,14427
548,14443
549,14462
550,14472
551,14485
552,14507
553,14517
554,14529
555,14541
556,14550
557,14563
558,14588
559,14606
560,14615
561,14624
562,14646
563,14701
564,14714
565,14723
566,14732
567,14741
568,14752
569,14766
570,14778
571,14787
572,14808
573,14818
574,14827
575,14842
576,14854
577,14864
578,14876
579,14885
580,14897
581,15004
582,15017
583,15027
584,15037
585,15050
586,15060
587,15068
588,15078
589,15088
590,15104
591,15123
592,15135
593,15145
594,15205
595,15213
596,15221
597,15229
598,15237
599,15250
600,15259
601,15270
602,15281
603,15310
604,15321
605,15331
606,15340
607,15350
608,15361
609,15376
610,15413
611,15423
612,15433
613,15443
614,15454
615,15464
616,15474
617,15484
618,15510
619,15535
620,15545
621,15554
622,15564
623,15613
624,15622
625,15631
626,15639
627,15655
628,15665
629,15675
630,15683
631,15691
632,15705
633,15720
634,15730
635,15741
636,15753
637,15763
638,15774
639,15784
640,15829
641,15848
642,15864
643,15906
644,15925
645,15936
646,15948
647,15958
648,16016
649,16027
650,16038
651,16051
652,16061
653,16108
654,16120
655,16133
656,16146
657,16159
658,16214
659,16226
660,16238
661,16250
662,16261
663,16317
664,16331
665,16344
666,16360
667,16370
668,16403
669,16415
670,16427
671,16440
672,16505
673,16530
674,16601
675,16621
676,16633
677,16644
678,16655
679,16665
680,16674
681,16684
682,16698
683,16729
684,16743
685,16803
686,16827
687,16837
688,16848
689,16858
690,16868
691,16877
692,16914
693,16927
694,16938
695,16948
696,17009
697,17018
698,17026
699,17036
700,17045
701,17054
702,17063
703,17071
704,17081
705,17090
706,17104
707,17113
708,17128
709,17212
710,17222
711,17233
712,17244
713,17254
714,17264
715,17303
716,17315
717,17324
718,17340
719,17353
720,17364
721,17402
722,17504
723,17517
724,17532
725,17545
726,17557
727,17568
728,17580
729,17603
730,17699
731,17726
732,17739
733,17750
734,17764
735,17777
736,17820
737,17832
738,17843
739,17855
740,17864
741,17877
742,17887
743,17929
744,17938
745,17951
746,17963
747,17974
748,17985
749,18015
750,18032
751,18041
752,18053
753,18064
754,18073
755,18083
756,18099
757,18201
758,18220
759,18232
760,18245
761,18255
762,18325
763,18335
764,18347
765,18356
766,18410
767,18421
768,18434
769,18444
770,18454
771,18463
772,18501
773,18512
774,18603
775,18619
776,18629
777,18642
778,18660
779,18707
780,18766
781,18814
782,18823
783,18831
784,18844
785,18901
786,18917
787,18928
788,18938
789,18951
790,18963
791,18976
792,19004
793,19015
794,19025
795,19034
796,19044
797,19055
798,19066
799,19079
800,19089
801,19099
802,19108
803,19116
804,19125
805,19133
806,19141
807,19149
808,19161
809,19177
810,19187
811,19196
812,19317
813,19340
814,19350
815,19362
816,19374
817,19397
818,19407
819,19425
820,19437
821,19450
822,19462
823,19475
824,19490
825,19505
826,19519
827,19534
828,19545
829,19560
830,19605
831,19703
832,19713
833,19726
834,19801
835,19809
836,19891
837,19899
838,19934
839,19946
840,19960
841,19970
842,20003
843,20010
844,20018
845,20029
846,20038
847,20045
848,20056
849,20063
850,20070
851,20078
852,20102
853,20111
854,20120
855,20134
856,20143
857,20155
858,20167
859,20178
860,20188
861,20198
862,20208
863,20216
864,20223
865,20232
866,20241
867,20260
868,20277
869,20314
870,20355
871,20376
872,20393
873,20404
874,20411
875,20419
876,20426
877,20435
878,20444
879,20468
880,20503
881,20510
882,20524
883,20531
884,20539
885,20547
886,20555
887,20571
888,20579
889,20593
890,20606
891,20615
892,20623
893,20634
894,20650
895,20662
896,20678
897,20689
898,20704
899,20712
900,20721
901,20733
902,20743
903,20750
904,20759
905,20771
906,20779
907,20788
908,20810
909,20818
910,20838
911,20851
912,20862
913,20877
914,20886
915,20898
916,20907
917,20916
918,21012
919,21027
920,21036
921,21047
922,21057
923,21076
924,21090
925,21108
926,21128
927,21146
928,21160
929,21205
930,21213
931,21221
932,21229
933,21239
934,21264
935,21281
936,21290
937,21409
938,21520
939,21531
940,21545
941,21607
942,21623
943,21634
944,21645
945,21655
946,21664
947,21672
948,21702
949,21714
950,21722
951,21742
952,21757
953,21770
954,21779
955,21790
956,21801
957,21821
958,21838
959,21852
960,21866
961,21902
962,21917
963,22015
964,22034
965,22042
966,22081
967,22108
968,22134
969,22159
970,22191
971,22203
972,22212
973,22226
974,22245
975,22307
976,22315
977,22401
978,22408
979,22436
980,22454
981,22476
982,22507
983,22524
984,22539
985,22553
986,22572
987,22602
988,22624
989,22641
990,22654
991,22711
992,22722
993,22731
994,22740
995,22801
996,22820
997,22834
998,22846
999,22902
1000,22908
1001,22931
1002,22943
1003,22959
1004,22972
1005,23002
1006,23021
1007,23032
1008,23055
1009,23065
1010,23076
1011,23090
1012,23107
1013,23115
1014,23127
1015,23146
1016,23156
1017,23175
1018,23185
1019,23219
1020,23227
1021,23236
1022,23260
1023,23282
1024,23292
1025,23303
1026,23315
1027,23325
1028,23347
1029,23396
1030,23408
1031,23418
1032,23429
1033,23437
1034,23451
1035,23457
1036,23463
1037,23479
1038,23502
1039,23510
1040,23523
1041,23604
1042,23628
1043,23666
1044,23693
1045,23707
1046,23806
1047,23832
1048,23841
1049,23851
1050,23873
1051,23884
1052,23897
1053,23920
1054,23936
1055,23947
1056,23962
1057,24001
1058,24009
1059,24017
1060,24026
1061,24034
1062,24050
1063,24063
1064,24073
1065,24086
1066,24101
1067,24115
1068,24130
1069,24141
1070,24153
1071,24174
1072,24202
1073,24218
1074,24236
1075,24251
1076,24271
1077,24290
1078,24316
1079,24327
1080,24351
1081,24374
1082,24411
1083,24430
1084,24441
1085,24463
1086,24473
1087,24486
1088,24513
1089,24526
1090,24535
1091,24550
1092,24563
1093,24577
1094,24590
1095,24602
1096,24613
1097,24631
1098,24649
1099,24716
1100,24737
1101,24813
1102,24828
1103,24845
1104,24855
1105,24869
1106,24881
1107,24901
1108,24927
1109,24945
1110,24970
1111,24991
1112,25019
1113,25033
1114,25048
1115,25062
1116,25081
1117,25103
1118,25114
1119,25130
1120,25143
1121,25164
1122,25183
1123,25205
1124,25235
1125,25252
1126,25267
1127,25301
1128,25312
1129,25324
1130,25333
1131,25357
1132,25389
1133,25410
1134,25423
1135,25438
1136,25502
1137,25512
1138,25529
1139,25550
1140,25569
1141,25611
1142,25634
1143,25650
1144,25669
1145,25688
1146,25704
1147,25713
1148,25722
1149,25770
1150,25779
1151,25820
1152,25837
1153,25849
1154,25865
1155,25879
1156,25909
1157,25921
1158,25951
1159,25977
1160,26030
1161,26039
1162,26060
1163,26105
1164,26141
1165,26152
1166,26170
1167,26203
1168,26219
1169,26238
1170,26263
1171,26275
1172,26289
1173,26306
1174,26338
1175,26354
1176,26378
1177,26412
1178,26430
1179,26444
1180,26504
1181,26524
1182,26543
1183,26562
1184,26576
1185,26591
1186,26624
1187,26662
1188,26684
1189,26716
1190,26750
1191,26802
1192,26818
1193,26855
1194,27011
1195,27021
1196,27040
1197,27050
1198,27101
1199,27109
1200,27120
1201,27199
1202,27212
1203,27231
1204,27248
1205,27262
1206,27285
1207,27299
1208,27314
1209,27331
1210,27351
1211,27371
1212,27403
1213,27412
1214,27429
1215,27502
1216,27511
1217,27520
1218,27529
1219,27540
1220,27552
1221,27565
1222,27577
1223,27591
1224,27603
1225,27613
1226,27624
1227,27650
1228,27698
1229,27709
1230,27802
1231,27811
1232,27820
1233,27829
1234,27839
1235,27849
1236,27860
1237,27869
1238,27878
1239,27887
1240,27896
1241,27919
1242,27928
1243,27941
1244,27953
1245,27965
1246,27976
1247,28001
1248,28018
1249,28031
1250,28040
1251,28070
1252,28079
1253,28091
1254,28105
1255,28115
1256,28128
1257,28139
1258,28160
1259,28174
1260,28208
1261,28216
1262,28224
1263,28233
1264,28244
1265,28258
1266,28271
1267,28281
1268,28296
1269,28306
1270,28315
1271,28329
1272,28339
1273,28349
1274,28359
1275,28369
1276,28378
1277,28388
1278,28399
1279,28408
1280,28424
1281,28435
1282,28447
1283,28456
1284,28465
1285,28480
1286,28512
1287,28523
1288,28532
1289,28544
1290,28556
1291,28572
1292,28582
1293,28601
1294,28610
1295,28621
1296,28630
1297,28641
1298,28651
1299,28660
1300,28669
1301,28679
1302,28689
1303,28701
1304,28712
1305,28721
1306,28730
1307,28739
1308,28747
1309,28756
1310,28766
1311,28776
1312,28786
1313,28801
1314,28815
1315,29001
1316,29018
1317,29038
1318,29048
1319,29059
1320,29072
1321,29101
1322,29114
1323,29127
1324,29142
1325,29153
1326,29169
1327,29201
1328,29210
1329,29220
1330,29229
1331,29303
1332,29321
1333,29332
1334,29346
1335,29365
1336,29376
1337,29401
1338,29410
1339,29419
1340,29431
1341,29439
1342,29450
1343,29461
1344,29472
1345,29483
1346,29501
1347,29516
1348,29532
1349,29550
1350,29566
1351,29576
1352,29585
1353,29596
1354,29606
1355,29614
1356,29625
1357,29635
1358,29645
1359,29654
1360,29665
1361,29676
1362,29685
1363,29695
1364,29709
1365,29721
1366,29732
1367,29803
1368,29817
1369,29831
1370,29842
1371,29851
1372,29904
1373,29914
1374,29925
1375,29935
1376,30002
1377,30011
1378,30021
1379,30031
1380,30040
1381,30048
1382,30062
1383,30071
1384,30081
1385,30091
1386,30101
1387,30110
1388,30119
1389,30129
1390,30141
1391,30150
1392,30163
1393,30175
1394,30185
1395,30214
1396,30228
1397,30241
1398,30259
1399,30270
1400,30284
1401,30293
1402,30304
1403,30313
1404,30322
1405,30333
1406,30343
1407,30355
1408,30364
1409,30378
1410,30401
1411,30421
1412,30436
1413,30449
1414,30458
1415,30474
1416,30507
1417,30518
1418,30529
1419,30539
1420,30549
1421,30562
1422,30573
1423,30599
1424,30612
1425,30628
1426,30641
1427,30656
1428,30669
1429,30705
1430,30724
1431,30735
1432,30750
1433,30805
1434,30814
1435,30823
1436,30906
1437,31001
1438,31010
1439,31019
1440,31028
1441,31037
1442,31047
1443,31059
1444,31068
1445,31079
1446,31089
1447,31098
1448,31141
1449,31201
1450,31211
1451,31301
1452,31312
1453,31322
1454,31401
1455,31410
1456,31421
1457,31519
1458,31533
1459,31546
1460,31555
1461,31565
1462,31603
1463,31627
1464,31638
1465,31650
1466,31707
1467,31721
1468,31744
1469,31763
1470,31775
1471,31787
1472,31798
1473,31810
1474,31823
1475,31833
1476,31908
1477,32003
1478,32025
1479,32042
1480,32056
1481,32066
1482,32082
1483,32094
1484,32112
1485,32120
1486,32128
1487,32136
1488,32147
1489,32164
1490,32177
1491,32189
1492,32204
1493,32214
1494,32224
1495,32234
1496,32245
1497,32259
1498,32306
1499,32315
1500,32326
1501,32335
1502,32347
1503,32358
1504,32403
1505,32412
1506,32426
1507,32435
1508,32446
1509,32460
1510,32503
1511,32513
1512,32530
1513,32540
1514,32559
1515,32568
1516,32583
1517,32607
1518,32617
1519,32631
1520,32648
1521,32666
1522,32693
1523,32707
1524,32716
1525,32726
1526,32739
1527,32754
1528,32767
1529,32778
1530,32792
1531,32803
1532,32812
1533,32822
1534,32832
1535,32855
1536,32868
1537,32896
1538,32907
1539,32923
1540,32936
1541,32953
1542,32961
1543,32969
1544,33009
1545,33018
1546,33027
1547,33035
1548,33050
1549,33062
1550,33070
1551,33081
1552,33102
1553,33125
1554,33134
1555,33143
1556,33153
1557,33163
1558,33173
1559,33182
1560,33191
1561,33206
1562,33245
1563,33280
1564,33305
1565,33313
1566,33321
1567,33329
1568,33338
1569,33355
1570,33405
1571,33412
1572,33420
1573,33429
1574,33437
1575,33446
1576,33461
1577,33469
1578,33477
1579,33487
1580,33508
1581,33525
1582,33541
1583,33556
1584,33568
1585,33576
1586,33592
1587,33603
1588,33612
1589,33621
1590,33633
1591,33661
1592,33679
1593,33689
1594,33707
1595,33715
1596,33736
1597,33747
1598,33763
1599,33773
1600,33782
1601,33806
1602,33825
1603,33838
1604,33848
1605,33857
1606,33870
1607,33882
1608,33901
1609,33910
1610,33919
1611,33932
1612,33949
1613,33957
1614,33974
1615,33993
1616,34108
1617,34120
1618,34141
1619,34205
1620,34216
1621,34228
1622,34237
1623,34260
1624,34274
1625,34285
1626,34295
1627,34433
1628,34450
1629,34471
1630,34481
1631,34498
1632,34608
1633,34638
1634,34661
1635,34681
1636,34692
1637,34715
1638,34742
1639,34755
1640,34771
1641,34789
1642,34951
1643,34973
1644,34986
1645,34997
1646,35015
1647,35033
1648,35045
1649,35056
1650,35070
1651,35082
1652,35098
1653,35120
1654,35131
1655,35146
1656,35172
1657,35183
1658,35204
1659,35212
1660,35220
1661,35231
1662,35242
1663,35259
1664,35288
1665,35297
1666,35407
1667,35449
1668,35462
1669,35474
1670,35487
1671,35542
1672,35552
1673,35570
1674,35579
1675,35593
1676,35613
1677,35622
1678,35646
1679,35654
1680,35677
1681,35747
1682,35757
1683,35766
1684,35776
1685,35809
1686,35893
1687,35903
1688,35954
1689,35964
1690,35976
1691,35988
1692,36013
1693,36026
1694,36035
1695,36045
1696,36057
1697,36071
1698,36088
1699,36105
1700,36113
1701,36121
1702,36140
1703,36205
1704,36257
1705,36267
1706,36277
1707,36310
1708,36320
1709,36345
1710,36370
1711,36425
1712,36442
1713,36456
1714,36474
1715,36503
1716,36521
1717,36530
1718,36542
1719,36553
1720,36567
1721,36578
1722,36590
1723,36610
1724,36633
1725,36685
1726,36722
1727,36741
1728,36753
1729,36766
1730,36784
1731,36830
1732,36855
1733,36866
1734,36877
1735,36915
1736,37013
1737,37024
1738,37033
1739,37043
1740,37052
1741,37063
1742,37072
1743,37080
1744,37091
1745,37116
1746,37130
1747,37138
1748,37149
1749,37166
1750,37180
1751,37190
1752,37208
1753,37217
1754,37229
1755,37242
1756,37305
1757,37314
1758,37324
1759,37333
1760,37342
1761,37353
1762,37363
1763,37374
1764,37383
1765,37397
1766,37407
1767,37416
1768,37602
1769,37620
1770,37650
1771,37665
1772,37687
1773,37707
1774,37717
1775,37729
1776,37744
1777,37760
1778,37772
1779,37804
1780,37816
1781,37828
1782,37847
1783,37861
1784,37870
1785,37880
1786,37892
1787,37918
1788,37929
1789,37950
1790,38007
1791,38018
1792,38030
1793,38045
1794,38055
1795,38068
1796,38083
1797,38111
1798,38120
1799,38132
1800,38145
1801,38166
1802,38183
1803,38201
1804,38230
1805,38241
1806,38259
1807,38308
1808,38320
1809,38332
1810,38342
1811,38355
1812,38366
1813,38376
1814,38389
1815,38450
1816,38460
1817,38473
1818,38485
1819,38506
1820,38550
1821,38559
1822,38570
1823,38580
1824,38602
1825,38619
1826,38629
1827,38639
1828,38650
1829,38664
1830,38674
1831,38701
1832,38726
1833,38740
1834,38756
1835,38769
1836,38782
1837,38827
1838,38843
1839,38855
1840,38865
1841,38876
1842,38915
1843,38926
1844,38944
1845,38953
1846,38963
1847,39042
1848,39057
1849,39069
1850,39082
1851,39096
1852,39114
1853,39140
1854,39153
1855,39163
1856,39174
1857,39189
1858,39204
1859,39215
1860,39272
1861,39302
1862,39324
1863,39337
1864,39350
1865,39362
1866,39404
1867,39427
1868,39443
1869,39462
1870,39477
1871,39503
1872,39529
1873,39553
1874,39565
1875,39576
1876,39631
1877,39649
1878,39664
1879,39704
1880,39741
1881,39753
1882,39769
1883,39819
1884,39836
1885,39854
1886,39886
1887,40010
1888,40023
1889,40040
1890,40052
1891,40063
1892,40076
1893,40115
1894,40143
1895,40157
1896,40176
1897,40206
1898,40214
1899,40222
1900,40233
1901,40253
1902,40268
1903,40285
1904,40295
1905,40316
1906,40337
1907,40353
1908,40363
1909,40383
1910,40404
1911,40440
1912,40461
1913,40486
1914,40507
1915,40516
1916,40546
1917,40580
1918,40603
1919,40724
1920,40745
1921,40807
1922,40823
1923,40843
1924,40862
1925,40906
1926,40939
1927,40958
1928,40988
1929,41007
1930,41018
1931,41039
1932,41049
1933,41062
1934,41076
1935,41094
1936,41114
1937,41142
1938,41168
1939,41183
1940,41224
1941,41254
1942,41267
1943,41332
1944,41366
1945,41421
1946,41502
1947,41526
1948,41542
1949,41558
1950,41571
1951,41615
1952,41640
1953,41659
1954,41714
1955,41736
1956,41760
1957,41777
1958,41824
1959,41836
1960,41848
1961,42003
1962,42029
1963,42040
1964,42053
1965,42066
1966,42083
1967,42120
1968,42133
1969,42154
1970,42170
1971,42214
1972,42234
1973,42262
1974,42286
1975,42323
1976,42334
1977,42349
1978,42366
1979,42377
1980,42413
1981,42444
1982,42458
1983,42503
1984,42553
1985,42631
1986,42701
1987,42720
1988,42740
1989,42755
1990,42784
1991,43008
1992,43018
1993,43029
1994,43041
1995,43056
1996,43068
1997,43077
1998,43093
1999,43111
2000,43126
2001,43142
2002,43150
2003,43158
2004,43203
2005,43213
2006,43222
2007,43232
2008,43270
2009,43311
2010,43322
2011,43334
2012,43344
2013,43357
2014,43410
2015,43433
2016,43442
2017,43456
2018,43467
2019,43511
2020,43522
2021,43531
2022,43542
2023,43553
2024,43567
2025,43608
2026,43619
2027,43661
2028,43713
2029,43724
2030,43735
2031,43750
2032,43761
2033,43773
2034,43788
2035,43812
2036,43837
2037,43905
2038,43915
2039,43930
2040,43940
2041,43950
2042,43968
2043,43983
2044,44010
2045,44028
2046,44044
2047,44054
2048,44067
2049,44081
2050,44092
2051,44103
2052,44112
2053,44121
2054,44130
2055,44138
2056,44147
2057,44195
2058,44212
2059,44230
2060,44241
2061,44258
2062,44274
2063,44287
2064,44309
2065,44320
2066,44401
2067,44412
2068,44424
2069,44437
2070,44445
2071,44455
2072,44485
2073,44503
2074,44513
2075,44610
2076,44620
2077,44630
2078,44641
2079,44652
2080,44663
2081,44676
2082,44685
2083,44699
2084,44710
2085,44799
2086,44815
2087,44827
2088,44841
2089,44850
2090,44861
2091,44875
2092,44890
2093,45002
2094,45018
2095,45042
2096,45061
2097,45070
2098,45112
2099,45123
2100,45146
2101,45157
2102,45169
2103,45203
2104,45212
2105,45220
2106,45229
2107,45238
2108,45246
2109,45254
2110,45269
2111,45298
2112,45308
2113,45318
2114,45327
2115,45337
2116,45346
2117,45356
2118,45368
2119,45380
2120,45389
2121,45410
2122,45422
2123,45433
2124,45458
2125,45501
2126,45614
2127,45624
2128,45640
2129,45652
2130,45662
2131,45678
2132,45687
2133,45698
2134,45716
2135,45732
2136,45745
2137,45769
2138,45779
2139,45801
2140,45813
2141,45826
2142,45837
2143,45848
2144,45859
2145,45868
2146,45877
2147,45887
2148,45897
2149,46015
2150,46035
2151,46047
2152,46058
2153,46069
2154,46085
2155,46112
2156,46124
2157,46135
2158,46150
2159,46162
2160,46172
2161,46186
2162,46209
2163,46221
2164,46231
2165,46242
2166,46256
2167,46277
2168,46295
2169,46310
2170,46327
2171,46350
2172,46371
2173,46381
2174,46394
2175,46410
2176,46511
2177,46528
2178,46540
2179,46553
2180,46567
2181,46590
2182,46619
2183,46680
2184,46711
2185,46733
2186,46747
2187,46765
2188,46776
2189,46785
2190,46795
2191,46805
2192,46819
2193,46855
2194,46864
2195,46897
2196,46913
2197,46923
2198,46936
2199,46946
2200,46961
2201,46977
2202,46988
2203,47001
2204,47018
2205,47031
2206,47040
2207,47108
2208,47119
2209,47131
2210,47141
2211,47160
2212,47172
2213,47220
2214,47231
2215,47246
2216,47270
2217,47303
2218,47325
2219,47338
2220,47351
2221,47360
2222,47373
2223,47386
2224,47402
2225,47424
2226,47436
2227,47449
2228,47459
2229,47470
2230,47520
2231,47532
2232,47549
2233,47562
2234,47578
2235,47591
2236,47615
2237,47633
2238,47649
2239,47703
2240,47713
2241,47724
2242,47735
2243,47803
2244,47833
2245,47847
2246,47857
2247,47869
2248,47880
2249,47905
2250,47922
2251,47933
2252,47950
2253,47962
2254,47971
2255,47984
2256,47994
2257,48006
2258,48023
2259,48035
2260,48043
2261,48054
2262,48067
2263,48075
2264,48086
2265,48097
2266,48108
2267,48117
2268,48127
2269,48138
2270,48151
2271,48162
2272,48174
2273,48184
2274,48193
2275,48206
2276,48216
2277,48225
2278,48234
2279,48244
2280,48275
2281,48306
2282,48314
2283,48324
2284,48332
2285,48346
2286,48361
2287,48376
2288,48391
2289,48415
2290,48426
2291,48436
2292,48446
2293,48458
2294,48468
2295,48501
2296,48531
2297,48601
2298,48610
2299,48619
2300,48628
2301,48637
2302,48652
2303,48662
2304,48706
2305,48725
2306,48734
2307,48744
2308,48757
2309,48766
2310,48807
2311,48818
2312,48827
2313,48837
2314,48847
2315,48856
2316,48866
2317,48877
2318,48886
2319,48895
2320,48912
2321,48929
2322,49003
2323,49012
2324,49021
2325,49030
2326,49039
2327,49050
2328,49061
2329,49071
2330,49080
2331,49090
2332,49099
2333,49113
2334,49128
2335,49224
2336,49236
2337,49247
2338,49256
2339,49266
2340,49277
2341,49288
2342,49310
2343,49320
2344,49330
2345,49340
2346,49349
2347,49406
2348,49417
2349,49426
2350,49437
2351,49449
2352,49458
2353,49503
2354,49514
2355,49534
2356,49610
2357,49619
2358,49629
2359,49638
2360,49649
2361,49660
2362,49674
2363,49684
2364,49705
2365,49716
2366,49725
2367,49736
2368,49747
2369,49759
2370,49770
2371,49782
2372,49793
2373,49807
2374,49820
2375,49834
2376,49847
2377,49862
2378,49873
2379,49884
2380,49896
2381,49913
2382,49925
2383,49945
2384,49959
2385,49969
2386,50009
2387,50025
2388,50035
2389,50044
2390,50056
2391,50065
2392,50075
2393,50106
2394,50117
2395,50127
2396,50136
2397,50145
2398,50154
2399,50164
2400,50174
2401,50214
2402,50226
2403,50235
2404,50244
2405,50255
2406,50265
2407,50276
2408,50307
2409,50316
2410,50325
2411,50335
2412,50364
2413,50394
2414,50424
2415,50435
2416,50448
2417,50457
2418,50468
2419,50478
2420,50511
2421,50522
2422,50531
2423,50542
2424,50556
2425,50566
2426,50576
2427,50588
2428,50599
2429,50609
2430,50622
2431,50631
2432,50643
2433,50653
2434,50664
2435,50673
2436,50702
2437,50836
2438,50847
2439,50860
2440,50980
2441,51008
2442,51019
2443,51029
2444,51039
2445,51050
2446,51061
2447,51108
2448,51237
2449,51247
2450,51340
2451,51354
2452,51401
2453,51442
2454,51451
2455,51462
2456,51510
2457,51530
2458,51541
2459,51551
2460,51560
2461,51572
2462,51593
2463,51639
2464,51652
2465,52031
2466,52041
2467,52050
2468,52066
2469,52076
2470,52135
2471,52151
2472,52162
2473,52172
2474,52208
2475,52217
2476,52228
2477,52241
2478,52251
2479,52306
2480,52316
2481,52326
2482,52336
2483,52347
2484,52358
2485,52406
2486,52501
2487,52542
2488,52554
2489,52566
2490,52576
2491,52590
2492,52623
2493,52637
2494,52647
2495,52656
2496,52726
2497,52736
2498,52749
2499,52758
2500,52771
2501,52803
2502,53003
2503,53013
2504,53022
2505,53034
2506,53045
2507,53057
2508,53066
2509,53079
2510,53090
2511,53101
2512,53115
2513,53128
2514,53142
2515,53152
2516,53170
2517,53183
2518,53192
2519,53207
2520,53216
2521,53224
2522,53237
2523,53293
2524,53501
2525,53512
2526,53525
2527,53534
2528,53544
2529,53554
2530,53565
2531,53576
2532,53585
2533,53596
2534,53707
2535,53725
2536,53785
2537,53802
2538,53811
2539,53825
2540,53920
2541,53930
2542,53940
2543,53950
2544,53959
2545,54001
2546,54011
2547,54023
2548,54103
2549,54115
2550,54128
2551,54140
2552,54155
2553,54169
2554,54201
2555,54212
2556,54227
2557,54245
2558,54307
2559,54404
2560,54413
2561,54424
2562,54434
2563,54446
2564,54456
2565,54466
2566,54476
2567,54488
2568,54499
2569,54520
2570,54532
2571,54543
2572,54556
2573,54565
2574,54613
2575,54623
2576,54632
2577,54642
2578,54652
2579,54661
2580,54702
2581,54727
2582,54736
2583,54746
2584,54757
2585,54766
2586,54801
2587,54818
2588,54829
2589,54840
2590,54849
2591,54862
2592,54874
2593,54895
2594,54912
2595,54927
2596,54936
2597,54947
2598,54962
2599,54971
2600,54983
2601,55006
2602,55016
2603,55027
2604,55040
2605,55051
2606,55065
2607,55074
2608,55083
2609,55102
2610,55111
2611,55120
2612,55129
2613,55165
2614,55304
2615,55313
2616,55322
2617,55332
2618,55341
2619,55350
2620,55360
2621,55370
2622,55379
2623,55388
2624,55401
2625,55409
2626,55417
2627,55425
2628,55434
2629,55442
2630,55450
2631,55473
2632,55487
2633,55570
2634,55578
2635,55598
2636,55609
2637,55705
2638,55716
2639,55725
2640,55738
2641,55750
2642,55764
2643,55777
2644,55787
2645,55801
2646,55811
2647,55905
2648,55921
2649,55932
2650,55943
2651,55953
2652,55963
2653,55973
2654,55985
2655,56007
2656,56020
2657,56029
2658,56039
2659,56050
2660,56062
2661,56074
2662,56087
2663,56101
2664,56119
2665,56131
2666,56142
2667,56152
2668,56164
2669,56173
2670,56186
2671,56214
2672,56224
2673,56235
2674,56245
2675,56258
2676,56271
2677,56282
2678,56293
2679,56307
2680,56316
2681,56326
2682,56335
2683,56345
2684,56357
2685,56368
2686,56378
2687,56389
2688,56430
2689,56441
2690,56452
2691,56466
2692,56477
2693,56514
2694,56523
2695,56535
2696,56545
2697,56556
2698,56568
2699,56577
2700,56587
2701,56619
2702,56633
2703,56649
2704,56659
2705,56670
2706,56682
2707,56711
2708,56724
2709,56734
2710,56748
2711,56760
2712,56944
2713,57010
2714,57021
2715,57031
2716,57040
2717,57050
2718,57061
2719,57070
2720,57103
2721,57117
2722,57213
2723,57224
2724,57236
2725,57247
2726,57259
2727,57269
2728,57301
2729,57322
2730,57332
2731,57345
2732,57358
2733,57368
2734,57380
2735,57402
2736,57432
2737,57441
2738,57454
2739,57468
2740,57479
2741,57532
2742,57544
2743,57562
2744,57572
2745,57620
2746,57633
2747,57645
2748,57658
2749,57709
2750,57725
2751,57747
2752,57759
2753,57770
2754,57785
2755,58001
2756,58013
2757,58031
2758,58043
2759,58056
2760,58065
2761,58077
2762,58108
2763,58203
2764,58214
2765,58227
2766,58238
2767,58254
2768,58265
2769,58275
2770,58313
2771,58329
2772,58344
2773,58357
2774,58370
2775,58385
2776,58420
2777,58430
2778,58443
2779,58458
2780,58475
2781,58484
2782,58497
2783,58521
2784,58535
2785,58554
2786,58566
2787,58577
2788,58623
2789,58638
2790,58647
2791,58701
2792,58713
2793,58731
2794,58746
2795,58760
2796,58772
2797,58784
2798,58795
2799,58844
2800,59002
2801,59013
2802,59025
2803,59034
2804,59046
2805,59059
2806,59069
2807,59077
2808,59087
2809,59106
2810,59117
2811,59219
2812,59241
2813,59254
2814,59263
2815,59313
2816,59324
2817,59339
2818,59354
2819,59411
2820,59422
2821,59436
2822,59450
2823,59462
2824,59472
2825,59486
2826,59525
2827,59537
2828,59602
2829,59632
2830,59640
2831,59701
2832,59716
2833,59727
2834,59739
2835,59750
2836,59760
2837,59806
2838,59826
2839,59835
2840,59847
2841,59860
2842,59872
2843,59912
2844,59921
2845,59931
2846,60004
2847,60012
2848,60021
2849,60037
2850,60046
2851,60061
2852,60072
2853,60083
2854,60093
2855,60103
2856,60112
2857,60123
2858,60134
2859,60143
2860,60154
2861,60164
2862,60176
2863,60186
2864,60195
2865,60209
2866,60403
2867,60415
2868,60426
2869,60437
2870,60447
2871,60457
2872,60466
2873,60475
2874,60487
2875,60507
2876,60518
2877,60530
2878,60541
2879,60551
2880,60560
2881,60585
2882,60607
2883,60617
2884,60628
2885,60639
2886,60651
2887,60664
2888,60680
2889,60691
2890,60712
2891,60912
2892,60922
2893,60933
2894,60944
2895,60954
2896,60963
2897,61001
2898,61015
2899,61028
2900,61042
2901,61052
2902,61064
2903,61075
2904,61088
2905,61107
2906,61125
2907,61231
2908,61240
2909,61256
2910,61265
2911,61278
2912,61310
2913,61319
2914,61328
2915,61337
2916,61349
2917,61362
2918,61373
2919,61410
2920,61419
2921,61428
2922,61438
2923,61450
2924,61462
2925,61473
2926,61483
2927,61516
2928,61529
2929,61539
2930,61548
2931,61561
2932,61571
2933,61610
2934,61630
2935,61650
2936,61704
2937,61725
2938,61734
2939,61743
2940,61753
2941,61769
2942,61778
2943,61812
2944,61822
2945,61839
2946,61848
2947,61857
2948,61871
2949,61882
2950,61919
2951,61933
2952,61949
2953,62009
2954,62018
2955,62028
2956,62040
2957,62052
2958,62063
2959,62077
2960,62086
2961,62095
2962,62206
2963,62220
2964,62232
2965,62242
2966,62252
2967,62261
2968,62272
2969,62282
2970,62295
2971,62316
2972,62330
2973,62345
2974,62356
2975,62367
2976,62401
2977,62421
2978,62432
2979,62442
2980,62451
2981,62464
2982,62475
2983,62512
2984,62522
2985,62534
2986,62544
2987,62554
2988,62567
2989,62612
2990,62626
2991,62638
2992,62655
2993,62666
2994,62677
2995,62691
2996,62705
2997,62719
2998,62761
2999,62776
3000,62806
3001,62816
3002,62825
3003,62835
3004,62844
3005,62855
3006,62865
3007,62875
3008,62884
3009,62893
3010,62903
3011,62915
3012,62924
3013,62935
3014,62948
3015,62957
3016,62966
3017,62976
3018,62990
3019,63005
3020,63017
3021,63028
3022,63038
3023,63047
3024,63057
3025,63072
3026,63088
3027,63104
3028,63111
3029,63118
3030,63126
3031,63134
3032,63143
3033,63156
3034,63167
3035,63182
3036,63303
3037,63339
3038,63349
3039,63362
3040,63373
3041,63384
3042,63431
3043,63441
3044,63452
3045,63463
3046,63473
3047,63536
3048,63546
3049,63558
3050,63620
3051,63629
3052,63645
3053,63662
3054,63701
3055,63739
3056,63750
3057,63766
3058,63780
3059,63821
3060,63830
3061,63847
3062,63860
3063,63874
3064,63901
3065,63938
3066,63951
3067,63962
3068,64013
3069,64022
3070,64040
3071,64057
3072,64067
3073,64076
3074,64085
3075,64098
3076,64111
3077,64121
3078,64130
3079,64141
3080,64152
3081,64163
3082,64180
3083,64198
3084,64426
3085,64436
3086,64445
3087,64457
3088,64469
3089,64480
3090,64490
3091,64501
3092,64601
3093,64632
3094,64642
3095,64651
3096,64660
3097,64674
3098,64689
3099,64730
3100,64743
3101,64756
3102,64770
3103,64784
3104,64833
3105,64847
3106,64858
3107,64868
3108,65014
3109,65032
3110,65042
3111,65053
3112,65065
3113,65077
3114,65101
3115,65109
3116,65215
3117,65237
3118,65251
3119,65262
3120,65279
3121,65299
3122,65325
3123,65336
3124,65349
3125,65436
3126,65452
3127,65466
3128,65529
3129,65548
3130,65565
3131,65586
3132,65607
3133,65616
3134,65626
3135,65636
3136,65649
3137,65660
3138,65672
3139,65685
3140,65706
3141,65717
3142,65728
3143,65738
3144,65752
3145,65762
3146,65772
3147,65784
3148,65801
3149,65810
3150,66007
3151,66018
3152,66031
3153,66043
3154,66052
3155,66064
3156,66078
3157,66091
3158,66103
3159,66113
3160,66204
3161,66213
3162,66222
3163,66282
3164,66407
3165,66417
3166,66427
3167,66440
3168,66506
3169,66517
3170,66528
3171,66539
3172,66549
3173,66607
3174,66617
3175,66629
3176,66711
3177,66728
3178,66741
3179,66756
3180,66769
3181,66779
3182,66835
3183,66850
3184,66859
3185,66869
3186,66935
3187,66944
3188,66956
3189,66967
3190,67009
3191,67021
3192,67031
3193,67047
3194,67057
3195,67067
3196,67103
3197,67112
3198,67127
3199,67142
3200,67154
3201,67206
3202,67215
3203,67227
3204,67278
3205,67340
3206,67352
3207,67364
3208,67423
3209,67438
3210,67448
3211,67458
3212,67474
3213,67485
3214,67510
3215,67521
3216,67544
3217,67556
3218,67567
3219,67579
3220,67626
3221,67638
3222,67648
3223,67659
3224,67672
3225,67734
3226,67744
3227,67757
3228,67836
3229,67846
3230,67860
3231,67870
3232,67905
3233,68004
3234,68017
3235,68029
3236,68040
3237,68055
3238,68065
3239,68101
3240,68111
3241,68123
3242,68136
3243,68155
3244,68183
3245,68313
3246,68322
3247,68332
3248,68342
3249,68351
3250,68362
3251,68375
3252,68402
3253,68415
3254,68424
3255,68438
3256,68447
3257,68460
3258,68502
3259,68512
3260,68526
3261,68588
3262,68627
3263,68637
3264,68649
3265,68661
3266,68702
3267,68720
3268,68731
3269,68742
3270,68755
3271,68765
3272,68776
3273,68786
3274,68803
3275,68821
3276,68832
3277,68842
3278,68852
3279,68862
3280,68873
3281,68901
3282,68929
3283,68939
3284,68948
3285,68959
3286,68972
3287,68981
3288,69026
3289,69037
3290,69046
3291,69128
3292,69140
3293,69149
3294,69160
3295,69170
3296,69217
3297,69335
3298,69347
3299,69357
3300,70001
3301,70011
3302,70039
3303,70051
3304,70059
3305,70069
3306,70079
3307,70086
3308,70097
3309,70119
3310,70128
3311,70145
3312,70156
3313,70165
3314,70177
3315,70186
3316,70339
3317,70353
3318,70363
3319,70381
3320,70401
3321,70429
3322,70441
3323,70449
3324,70457
3325,70465
3326,70503
3327,70512
3328,70521
3329,70531
3330,70542
3331,70554
3332,70570
3333,70582
3334,70593
3335,70609
3336,70632
3337,70645
3338,70655
3339,70664
3340,70711
3341,70723
3342,70733
3343,70744
3344,70755
3345,70764
3346,70775
3347,70785
3348,70802
3349,70809
3350,70815
3351,70822
3352,70833
3353,70879
3354,70895
3355,71007
3356,71027
3357,71038
3358,71049
3359,71064
3360,71073
3361,71103
3362,71111
3363,71130
3364,71149
3365,71162
3366,71202
3367,71217
3368,71227
3369,71240
3370,71253
3371,71268
3372,71280
3373,71295
3374,71320
3375,71330
3376,71343
3377,71356
3378,71366
3379,71401
3380,71414
3381,71425
3382,71434
3383,71448
3384,71458
3385,71468
3386,71480
3387,71611
3388,71642
3389,71655
3390,71665
3391,71701
3392,71730
3393,71749
3394,71763
3395,71822
3396,71834
3397,71845
3398,71858
3399,71901
3400,71920
3401,71940
3402,71953
3403,71965
3404,71999
3405,72011
3406,72020
3407,72029
3408,72038
3409,72047
3410,72060
3411,72070
3412,72081
3413,72099
3414,72110
3415,72118
3416,72127
3417,72136
3418,72150
3419,72166
3420,72179
3421,72202
3422,72212
3423,72223
3424,72310
3425,72322
3426,72332
3427,72342
3428,72355
3429,72369
3430,72384
3431,72396
3432,72414
3433,72426
3434,72435
3435,72445
3436,72457
3437,72467
3438,72478
3439,72519
3440,72528
3441,72538
3442,72553
3443,72566
3444,72577
3445,72602
3446,72626
3447,72636
3448,72650
3449,72661
3450,72679
3451,72703
3452,72719
3453,72734
3454,72744
3455,72758
3456,72769
3457,72820
3458,72832
3459,72843
3460,72857
3461,72905
3462,72919
3463,72934
3464,72945
3465,72956
3466,73006
3467,73015
3468,73024
3469,73034
3470,73045
3471,73055
3472,73065
3473,73074
3474,73085
3475,73098
3476,73107
3477,73115
3478,73123
3479,73131
3480,73141
3481,73149
3482,73157
3483,73169